fx: 1417.3225932457276
fy: 1434.8445332837086
cx: 1006.2050434702983
cy: 488.4219683671629
has_dist_coeff: 1
dist_k0: -0.003986895773027822
dist_k1: -0.12561645592935028
dist_px: -0.008482596854156196
dist_py: 0.022944098829780973
dist_k2: 0.056312675994567137
dist_k3: 0
dist_k4: 0
dist_k5: 0
img_width: 1920
img_height: 1080
