fx: 1371.02278154
fy: 1371.02278154
cx: 960.5
cy: 540.5
has_dist_coeff: 1
dist_k0: 1e-08
dist_k1: 1e-08
dist_px: 1e-08
dist_py: 1e-08
dist_k2: 1e-08
dist_k3: 0
dist_k4: 0
dist_k5: 0
img_width: 1920
img_height: 1080