fx: 1360.5206198852188
fy: 1362.5943706855635
cx: 934.5284407109597
cy: 529.0207138530305
has_dist_coeff: 1
dist_k0: -0.009530508297741004
dist_k1: 0.21058836198920933
dist_px: 0.0036829226278439152
dist_py: -0.0001516964882859769
dist_k2: -1.307244881597747
dist_k3: 0
dist_k4: 0
dist_k5: 0
img_width: 1920
img_height: 1080
